76561199654945159
76561199620333399
76561199654868664
76561199655447576
76561199655304340
76561198803509331
76561198256948523
76561198151451295
76561199654603005
76561199277753010
76561198312186423
76561198177476073
76561199186932491
76561199580475629
76561199020206444
76561199176169560
76561198172746675
76561199663351084
76561198113225535
76561198099473762
76561199766119031 
76561199028406722
76561198371055690
76561198852345266
76561199145823651
76561199672804393
76561199800814339
76561199709715254
